Corr-Diag Corr-Full Corr-Swap Data Epoch Loss MMD-Full MMD-Swap Mean
0.4616479277610779 0.14045195281505585 0.203681081533432 train 0.0 1.4594593411684036 0.27308369122445586 0.2404610078781843 1.0044667760666925e-05
    0.0    
0.4542470872402191 0.11817876249551773 0.17073705792427063 train 1.0 0.4298349592089653 0.18836436487734318 0.1885634896159172 4.024696863780264e-06
    1.0    
0.458234578371048 0.10298482328653336 0.14359134435653687 train 2.0 0.414288772046566 0.18600521184504032 0.18682172954082488 9.10535436560167e-06
    2.0    
0.45503056049346924 0.08334305137395859 0.12705516815185547 train 3.0 0.4062367494404316 0.18426822900772094 0.18619472540915014 8.33011381473625e-06
    3.0    
0.4567074179649353 0.08733810484409332 0.12082654982805252 train 4.0 0.4001485624909401 0.18265862531960012 0.1851725124567747 4.044098204758484e-06
    4.0    
0.4572187662124634 0.08448484539985657 0.11167556047439575 train 5.0 0.3990655054152012 0.18189155869185925 0.1847256375104189 4.009627900813939e-06
    5.0    
0.4568072557449341 0.07885055989027023 0.10715790838003159 train 6.0 0.39467725351452826 0.18125113502144813 0.18419671811163427 9.815516023081727e-06
    6.0    
0.45525747537612915 0.07791590690612793 0.10098569840192795 train 7.0 0.3944759647548199 0.18068533904850484 0.18387676045298576 1.6455379636681755e-06
    7.0    
0.45675256848335266 0.07490917295217514 0.09614778310060501 train 8.0 0.3912316192686558 0.17959794402122498 0.18294466391205788 4.973023351340089e-06
    8.0    
0.4554968774318695 0.07110361754894257 0.09788355976343155 train 9.0 0.394818282276392 0.18061565808951854 0.18365719757974147 3.852303962048609e-06
    9.0    
0.45588403940200806 0.07380156964063644 0.09469933062791824 train 10.0 0.3929037649929523 0.1802054711431265 0.18329796463251113 4.395872110762866e-06
    10.0    
0.4564038813114166 0.0795523077249527 0.09458883851766586 train 11.0 0.3930408364534378 0.1801661542057991 0.1833270338177681 8.19751585368067e-06
    11.0    
0.45719194412231445 0.07296759635210037 0.09039306640625 train 12.0 0.39205046117305753 0.1792723323404789 0.18274297878146173 1.2867434406871325e-06
    12.0    
0.4561721384525299 0.06910873204469681 0.08829484134912491 train 13.0 0.38871892511844636 0.17852505087852477 0.18235397525131702 2.0562908957799664e-06
    13.0    
0.45481762290000916 0.07167942076921463 0.08985856175422668 train 14.0 0.3912321320176125 0.17921424627304078 0.18331949658691882 2.3318748390011024e-06
    14.0    
0.45582547783851624 0.07162361592054367 0.08923053741455078 train 15.0 0.38956421211361886 0.1785047446191311 0.18237521238625048 3.045880475838203e-06
    15.0    
0.45450982451438904 0.07483943551778793 0.08978567272424698 train 16.0 0.3923702643811703 0.17940364919602872 0.18340035036206245 2.563819634815445e-06
    16.0    
0.4563824534416199 0.06705600768327713 0.08071765303611755 train 17.0 0.3893071201443672 0.1786166375130415 0.1825091576576233 8.380168765143026e-06
    17.0    
0.45701369643211365 0.06789177656173706 0.08262437582015991 train 18.0 0.3888032239675522 0.1788851923495531 0.18314834661781787 3.2721663956181146e-06
    18.0    
0.4586653411388397 0.06493347138166428 0.0813368409872055 train 19.0 0.3887534676492214 0.17857489764690399 0.18256513960659504 3.98701558879111e-06
    19.0    
0.4560518264770508 0.06643197685480118 0.08190011233091354 train 20.0 0.38543946251273153 0.17710533283650876 0.18187161944806576 2.5700901460368186e-06
    20.0    
0.45614564418792725 0.06893917173147202 0.08231226354837418 train 21.0 0.3863659973442555 0.17770762845873833 0.18188934065401555 2.824489911290584e-06
    21.0    
0.45407834649086 0.06513939052820206 0.07747621089220047 train 22.0 0.38755567774176597 0.17795281261205673 0.182500891238451 5.184856036066776e-06
    22.0    
0.45329445600509644 0.06815753132104874 0.07932277768850327 train 23.0 0.3869930924475193 0.17779104441404342 0.18238490737974644 2.4075984583760146e-06
    23.0    
0.4567610025405884 0.07105781137943268 0.07953406125307083 train 24.0 0.3898170430958271 0.17968506164848805 0.18398299507796764 3.8100586152722826e-06
    24.0    
0.45410799980163574 0.06885303556919098 0.08051170408725739 train 25.0 0.38664472237229347 0.17764594070613385 0.18183419771492482 1.732665964482294e-06
    25.0    
0.45513179898262024 0.07282283902168274 0.08050466328859329 train 26.0 0.3864885823428631 0.17780299246311188 0.18238795548677444 1.3821000948155415e-06
    26.0    
0.45719850063323975 0.06687166541814804 0.07749318331480026 train 27.0 0.38823533728718757 0.1785508965700865 0.18344442449510098 9.812542884901632e-06
    27.0    
0.4535963535308838 0.06799619644880295 0.07828234136104584 train 28.0 0.3848451842367649 0.17711295180022715 0.18195804305374622 4.5791903175995685e-06
    28.0    
0.4548620283603668 0.06107849255204201 0.07427847385406494 train 29.0 0.3866284833848476 0.17744317285716535 0.18194374948740005 2.7423939172877e-06
    29.0    
0.45496422052383423 0.06883866339921951 0.0780230313539505 train 30.0 0.3876982317864895 0.1779819393903017 0.18249253518879413 3.9465580812247936e-06
    30.0    
0.4539940655231476 0.06295959651470184 0.07366405427455902 train 31.0 0.3887311251461506 0.1785291614383459 0.18269751764833927 4.889468982582912e-06
    31.0    
0.45984339714050293 0.07005191594362259 0.07515458762645721 train 32.0 0.38873378962278365 0.1789512535184622 0.18339147694408894 2.364592546655331e-06
    32.0    
0.45245063304901123 0.07170531898736954 0.07571431994438171 train 33.0 0.3869626633822918 0.1782541899383068 0.1827210322767496 4.780367817147635e-06
    33.0    
0.45686739683151245 0.07720434665679932 0.07457615435123444 train 34.0 0.38637343600392343 0.1778018444031477 0.18210421681404113 7.773916877340525e-06
    34.0    
0.45404675602912903 0.06872833520174026 0.07496492564678192 train 35.0 0.3871030916273594 0.17822093747556209 0.1828473587334156 1.2748324706990388e-06
    35.0    
0.45722562074661255 0.07085400074720383 0.07791237533092499 train 36.0 0.38656047523021697 0.17790790513157845 0.18236311651766302 2.3958464225870557e-06
    36.0    
0.454802006483078 0.06059519574046135 0.07028984278440475 train 37.0 0.3855661489069462 0.17764448203146457 0.18226125657558442 9.75361444943701e-07
    37.0    
0.4554167687892914 0.06484746187925339 0.06988713145256042 train 38.0 0.38441284582018853 0.1768401175737381 0.1814958941191435 3.7473928387043998e-06
    38.0    
0.45770350098609924 0.06582772731781006 0.07076727598905563 train 39.0 0.38360275253653525 0.17713553741574287 0.1817702204734087 1.768141601132811e-06
    39.0    
0.45668014883995056 0.07055491209030151 0.07030676305294037 train 40.0 0.3836118678748608 0.17679510943591595 0.1814737305045128 2.78081188298529e-06
    40.0    
0.4536912441253662 0.068994902074337 0.0750545784831047 train 41.0 0.3830746668577194 0.17663588434457778 0.1814772129803896 8.335088750754949e-06
    41.0    
0.45242318511009216 0.05836012214422226 0.068050317466259 train 42.0 0.3856323905289173 0.17771905802190305 0.18241650983691216 1.0766697414510418e-05
    42.0    
0.454198956489563 0.07012130320072174 0.07223214209079742 train 43.0 0.38531427636742593 0.17747784957289695 0.18206122741103173 8.330512173415627e-06
    43.0    
0.45508623123168945 0.06979525834321976 0.0712738037109375 train 44.0 0.38114478439092636 0.1755794169008732 0.1804463429003954 5.336985850590281e-06
    44.0    
0.4562261402606964 0.07087218016386032 0.06969170272350311 train 45.0 0.3845274050533771 0.17716849870979787 0.1820295634865761 1.511622394900769e-05
    45.0    
0.45509788393974304 0.06710267812013626 0.06745645403862 train 46.0 0.3875735016167164 0.17833678476512432 0.18305336698889732 4.065710072609363e-06
    46.0    
0.4542481005191803 0.07142484933137894 0.07186484336853027 train 47.0 0.383792532980442 0.17685671903192998 0.18198711298406123 2.2256285774346907e-06
    47.0    
0.4544403553009033 0.07201138883829117 0.07133123278617859 train 48.0 0.3844172091782093 0.1774335917830467 0.18225886285305024 3.142160039715236e-06
    48.0    
0.45699942111968994 0.07205377519130707 0.07172762602567673 train 49.0 0.38365883588790894 0.17718108139932157 0.18213573910295963 2.996254806930665e-06
    49.0    
0.4546308219432831 0.07308642566204071 0.07203929126262665 train 50.0 0.38201025262475014 0.17639384999871255 0.18129408985376358 6.584399216080783e-06
    50.0    
0.4574796259403229 0.06305541098117828 0.07138707488775253 train 51.0 0.3847688388824463 0.17745930202305316 0.18227087028324604 1.1632389032456558e-05
    51.0    
0.4559306800365448 0.06470328569412231 0.07018124312162399 train 52.0 0.3838688085973263 0.17626459188759327 0.1813972306251526 5.270651854516473e-06
    52.0    
0.4544166028499603 0.06923507899045944 0.06947609037160873 train 53.0 0.38314641639590263 0.17635371021926402 0.18117483749985694 7.775613994454034e-06
    53.0    
0.4541258215904236 0.06467659771442413 0.06788181513547897 train 54.0 0.3833050236105919 0.17685899391770363 0.181773442029953 3.377294660822372e-06
    54.0    
0.4548300802707672 0.07179974764585495 0.06980131566524506 train 55.0 0.38138162836432454 0.17600341089069843 0.18081109814345836 2.3773216071276693e-06
    55.0    
0.4554518461227417 0.06580927968025208 0.06329658627510071 train 56.0 0.3831834404170513 0.17685754485428334 0.1822672800719738 2.4384864900639514e-06
    56.0    
0.4565301537513733 0.06535373628139496 0.0686923936009407 train 57.0 0.3828334751725197 0.1761507949978113 0.18126721642911434 4.661538696382195e-06
    57.0    
0.45520177483558655 0.06719895452260971 0.07212625443935394 train 58.0 0.3855717411637306 0.17747320882976056 0.1824688261002302 5.091465936857276e-06
    58.0    
0.4520356357097626 0.06605656445026398 0.06812411546707153 train 59.0 0.38500972986221316 0.17762483805418014 0.18266081281006336 2.7600108296610415e-06
    59.0    
0.45674362778663635 0.06376578658819199 0.06718874722719193 train 60.0 0.3880752508342266 0.17884475767612457 0.183635036572814 3.854210717690876e-06
    60.0    
0.453497976064682 0.07358836382627487 0.07113835960626602 train 61.0 0.38247542560100556 0.17645137093961238 0.1813252008706331 8.321692803292535e-06
    61.0    
0.4578660726547241 0.06924567371606827 0.06908514350652695 train 62.0 0.3826468200981617 0.17700463645160197 0.18198871925473215 3.1337281143350992e-06
    62.0    
0.45408034324645996 0.06721775233745575 0.06841947883367538 train 63.0 0.3837754678726196 0.17692038655281067 0.18218507371842863 3.4050631256832276e-06
    63.0    
0.45533624291419983 0.06713318824768066 0.06654589623212814 train 64.0 0.37652349591255185 0.1735706203430891 0.1789001326262951 2.674290954018943e-06
    64.0    
0.45537301898002625 0.07007381319999695 0.06921060383319855 train 65.0 0.38163696601986885 0.1761112043261528 0.1816455215215683 1.032169984682696e-05
    65.0    
0.45100441575050354 0.07074573636054993 0.06975451856851578 train 66.0 0.3851153342425823 0.17724192783236503 0.18220698550343514 3.4880756629718235e-06
    66.0    
0.4536949396133423 0.07279018312692642 0.0686139464378357 train 67.0 0.3833506940305233 0.17695611581206322 0.1821345168352127 2.5655531317170244e-06
    67.0    
0.45575034618377686 0.06958108395338058 0.06911610811948776 train 68.0 0.38077962726354597 0.17562647610902787 0.18077021330595017 1.1215103768336121e-05
    68.0    
0.45706021785736084 0.06883007287979126 0.0679699182510376 train 69.0 0.37935796573758124 0.17563864782452585 0.18073514282703398 3.732388449861901e-06
    69.0    
0.455548495054245 0.06415965408086777 0.06611175090074539 train 70.0 0.38049335464835166 0.17590412646532058 0.181328489407897 1.6598991123828455e-06
    70.0    
0.4552883207798004 0.07059598714113235 0.06797337532043457 train 71.0 0.38125714868307115 0.17603317849338054 0.18162721395492554 4.6302984628709964e-06
    71.0    
0.4554200768470764 0.06799110025167465 0.06548094004392624 train 72.0 0.3796733120083809 0.1751916577666998 0.18059803530573845 3.425009026614134e-06
    72.0    
0.45510920882225037 0.06985030323266983 0.07025964558124542 train 73.0 0.37996029302477835 0.17566394247114658 0.18121726803481578 3.7663512557628565e-06
    73.0    
0.45303595066070557 0.06428518891334534 0.06806932389736176 train 74.0 0.3812764099240303 0.17603249579668045 0.18149382688105106 1.3545173715101555e-05
    74.0    
0.45430392026901245 0.07059767842292786 0.06809492409229279 train 75.0 0.381612614095211 0.17633343800902368 0.18159328259527682 3.6495684980764054e-06
    75.0    
0.4540852904319763 0.06506362557411194 0.06744776666164398 train 76.0 0.3789960466325283 0.17516839690506458 0.18058411128818988 2.9069035463180626e-06
    76.0    
0.4557840824127197 0.06355909258127213 0.0641762912273407 train 77.0 0.3798209129273891 0.17541542053222656 0.18104370273649692 4.755591817229288e-06
    77.0    
0.4538033902645111 0.06522157788276672 0.06316071003675461 train 78.0 0.38096696212887765 0.1760682873427868 0.18142428435385227 3.4611241517268354e-06
    78.0    
0.4548761248588562 0.07351889461278915 0.06855800747871399 train 79.0 0.37870758682489397 0.17535261169075966 0.18064310781657697 5.931418854743242e-06
    79.0    
0.45502257347106934 0.06266424059867859 0.0633360892534256 train 80.0 0.3817826400697231 0.17642617769539357 0.18166334301233292 3.380463340363349e-06
    80.0    
0.455912321805954 0.06844884157180786 0.06574471294879913 train 81.0 0.3825234413146973 0.1766093360632658 0.18212216146290303 4.017789706267649e-06
    81.0    
0.4552780091762543 0.06928246468305588 0.06795241683721542 train 82.0 0.37980492249131204 0.17524720065295696 0.18067326761782168 3.846562776743667e-06
    82.0    
0.45466092228889465 0.06902911514043808 0.06966767460107803 train 83.0 0.38002706795930863 0.17547137804329396 0.18053534090518952 1.1030939276679419e-05
    83.0    
0.45372486114501953 0.06303203850984573 0.06677043437957764 train 84.0 0.3762592574954033 0.1738321367651224 0.17926699347794056 1.2001622962998226e-05
    84.0    
0.4522843062877655 0.06736017018556595 0.06627955287694931 train 85.0 0.37876158222556117 0.17538723416626453 0.18035548195242881 2.4735950319154654e-06
    85.0    
0.454927533864975 0.06445683538913727 0.06331910938024521 train 86.0 0.3792098917067051 0.17506520219147206 0.1806223215162754 9.774676982488018e-06
    86.0    
0.45528900623321533 0.07185843586921692 0.06781283020973206 train 87.0 0.37855762541294097 0.17470950908958913 0.18008525587618351 5.225196673563914e-06
    87.0    
0.4532206952571869 0.06397288292646408 0.06851274520158768 train 88.0 0.3822299216687679 0.17695195823907853 0.182392950206995 4.77635876450222e-06
    88.0    
0.4526062309741974 0.07094187289476395 0.06792552024126053 train 89.0 0.3789380894601345 0.1753945341706276 0.1808628498017788 5.651520950777922e-06
    89.0    
0.45200538635253906 0.0696275606751442 0.06931400299072266 train 90.0 0.38040717408061026 0.17593811333179474 0.18112911880016327 7.385850040009245e-06
    90.0    
0.45410045981407166 0.06596125662326813 0.06466780602931976 train 91.0 0.3805201411247253 0.17597005531191826 0.18155786916613578 4.9794780352385715e-06
    91.0    
0.45280230045318604 0.07124937325716019 0.06641511619091034 train 92.0 0.3802866654098034 0.17602537743747235 0.18189784862101077 6.257606401049998e-06
    92.0    
0.4542120099067688 0.06318767368793488 0.061775173991918564 train 93.0 0.38058593273162844 0.17616744473576545 0.18151529654860496 8.444758350378834e-06
    93.0    
0.4532042443752289 0.07386329770088196 0.0665917620062828 train 94.0 0.3785031133890152 0.17505056753754616 0.18042195729911328 4.12783674619277e-06
    94.0    
0.4549156129360199 0.0697212889790535 0.06458185613155365 train 95.0 0.37852067828178404 0.17529499277472496 0.1803837774693966 7.597989679197781e-06
    95.0    
0.4561924636363983 0.06828166544437408 0.06662438809871674 train 96.0 0.3805439013242722 0.17581921629607677 0.18204324513673784 3.075114818784641e-06
    96.0    
0.45274269580841064 0.06887662410736084 0.06676419824361801 train 97.0 0.37978079974651335 0.17589616157114507 0.18147469997406007 3.405057668715017e-06
    97.0    
0.45711585879325867 0.07319648563861847 0.06478891521692276 train 98.0 0.3778684565424919 0.17549541361629964 0.18092510968446732 6.018703970767092e-06
    98.0    
0.453809529542923 0.06382635980844498 0.06423778086900711 train 99.0 0.37864987820386886 0.1751243258267641 0.18124481178820134 1.0068526535178535e-05
    99.0    
0.45309120416641235 0.0614093579351902 0.062409657984972 train 100.0 0.3772279554605484 0.17449683278799058 0.18004855424165725 4.479482868191553e-06
    100.0    
0.45318731665611267 0.06731021404266357 0.06464418768882751 train 101.0 0.38036820515990255 0.17556292489171027 0.1813968202471733 2.8770668905053753e-06
    101.0    
