Corr-Diag Corr-Full Corr-Swap Data Epoch Loss MMD-Full MMD-Swap Mean
0.42072540521621704 0.24441149830818176 0.23636147379875183 train 0.0 0.8327886155247688 0.21269302032887935 0.20204044841229915 5.937856712989742e-06
    0.0    
0.4472343921661377 0.18190674483776093 0.21118535101413727 train 1.0 0.42900672659277916 0.1834939930588007 0.18414796829223634 5.578266609518323e-06
    1.0    
0.451837420463562 0.1830294281244278 0.19603310525417328 train 2.0 0.4198762199282646 0.18397875912487507 0.18510088309645653 9.369292456540279e-06
    2.0    
0.4629817008972168 0.16049818694591522 0.18297411501407623 train 3.0 0.4176585067808628 0.18448101721704005 0.18587032936513423 5.394324034568854e-06
    3.0    
0.4642062485218048 0.16715897619724274 0.17445354163646698 train 4.0 0.41238794565200804 0.18322056233882905 0.18438051395118238 4.124126462556887e-06
    4.0    
0.4618748724460602 0.16418074071407318 0.18050262331962585 train 5.0 0.40855596035718916 0.18240251578390598 0.18417301408946515 7.29764906282071e-06
    5.0    
0.4659639596939087 0.14161911606788635 0.15738625824451447 train 6.0 0.4078471182286739 0.18256808497011662 0.18398735083639622 9.85876249615103e-06
    6.0    
0.45098263025283813 0.15163084864616394 0.16139040887355804 train 7.0 0.40688160762190817 0.1824858644604683 0.18431019566953183 4.511870884016389e-06
    7.0    
0.45866671204566956 0.15999530255794525 0.16644932329654694 train 8.0 0.40218767449259757 0.18058593884110452 0.1826440815627575 4.849828656006139e-06
    8.0    
0.45528775453567505 0.1579345166683197 0.15400291979312897 train 9.0 0.40567510068416596 0.18220731146633626 0.18411886110901832 3.813824605458649e-06
    9.0    
0.46303027868270874 0.1510944962501526 0.1555563360452652 train 10.0 0.40352741241455076 0.18155293345451354 0.18328502975404262 5.470372343552299e-06
    10.0    
0.4624813199043274 0.14182822406291962 0.14965645968914032 train 11.0 0.405405760705471 0.18315853260457515 0.18494882769882678 7.513557648053393e-06
    11.0    
0.447401762008667 0.14223989844322205 0.15861664712429047 train 12.0 0.40467163756489755 0.18238976560533046 0.18442451171576976 5.488311671797419e-06
    12.0    
0.45756295323371887 0.15450419485569 0.15114469826221466 train 13.0 0.4033102913200855 0.1824512793123722 0.18434308901429175 3.1043564376886934e-06
    13.0    
0.4536612927913666 0.14260834455490112 0.14442740380764008 train 14.0 0.4028231303393841 0.18224816657602788 0.183908566609025 5.467692062666174e-06
    14.0    
0.46230804920196533 0.14929556846618652 0.1464976817369461 train 15.0 0.4019160923361778 0.18211303152143954 0.18398653872311116 3.970811576436972e-06
    15.0    
0.4599255621433258 0.14679674804210663 0.1459636241197586 train 16.0 0.39942858934402464 0.1814203844219446 0.18368224188685417 3.669362058644765e-06
    16.0    
0.45350006222724915 0.15188123285770416 0.15171271562576294 train 17.0 0.3990339919924736 0.181226626932621 0.18304501995444297 3.45750481756113e-06
    17.0    
0.45483967661857605 0.15356242656707764 0.1481255739927292 train 18.0 0.4019204503297806 0.1824355511367321 0.18463842801749705 4.768800863530487e-06
    18.0    
0.45548945665359497 0.16097654402256012 0.15822196006774902 train 19.0 0.4028392370045185 0.181750365793705 0.18376341566443444 3.789697757383692e-06
    19.0    
0.45505934953689575 0.14708150923252106 0.1466442197561264 train 20.0 0.40246704801917077 0.1821090544760227 0.18421513982117177 5.037185019318713e-06
    20.0    
0.45747867226600647 0.15565051138401031 0.1473056972026825 train 21.0 0.4021032732725143 0.18234908513724804 0.18413346864283084 5.22068512509577e-06
    21.0    
0.46145784854888916 0.15932795405387878 0.1471962183713913 train 22.0 0.39469290629029274 0.17954616099596024 0.18134744435548783 3.332356300234096e-06
    22.0    
0.45836570858955383 0.15870827436447144 0.13952872157096863 train 23.0 0.3955995789170265 0.18038922779262065 0.18258266486227512 6.068870334274834e-06
    23.0    
0.45263877511024475 0.1756455898284912 0.1484365016222 train 24.0 0.40025244280695915 0.1817626456171274 0.18344225965440272 7.6102551247458905e-06
    24.0    
0.4588545858860016 0.16778358817100525 0.1459639072418213 train 25.0 0.39825856655836106 0.18092379473149778 0.18313253328204154 7.053835361148231e-06
    25.0    
0.4528794586658478 0.1599343866109848 0.1442735195159912 train 26.0 0.3987580847740173 0.18120511882007123 0.18328322552144527 2.6992952371074352e-06
    26.0    
0.4644336700439453 0.16176113486289978 0.14747828245162964 train 27.0 0.397646691352129 0.180690675675869 0.18256658732891082 5.456266080727801e-06
    27.0    
0.4515155553817749 0.16152815520763397 0.14420358836650848 train 28.0 0.40031076028943063 0.18220689952373503 0.18446512416005134 2.2317069579003146e-06
    28.0    
0.46280938386917114 0.13810573518276215 0.13909372687339783 train 29.0 0.39820565178990364 0.181100687161088 0.18337291769683361 3.8976213545538485e-06
    29.0    
0.4563247263431549 0.1619497388601303 0.14485830068588257 train 30.0 0.3963396228849888 0.18055999770760536 0.1827151907980442 4.37720655099838e-06
    30.0    
0.45715340971946716 0.1480080485343933 0.13751709461212158 train 31.0 0.39650781616568564 0.180890102237463 0.18339793853461742 5.476106707646977e-06
    31.0    
0.4648945927619934 0.15781237185001373 0.14138227701187134 train 32.0 0.39821730345487594 0.1809232234954834 0.18310383155941964 7.945769539219327e-06
    32.0    
0.450884610414505 0.15700040757656097 0.1416340172290802 train 33.0 0.3942124381661415 0.17950923480093478 0.18151596926152705 4.698139946412994e-06
    33.0    
0.45579099655151367 0.1528729796409607 0.15080899000167847 train 34.0 0.39743919983506204 0.18093764886260033 0.18353373274207116 2.7230346404394368e-06
    34.0    
0.4576572775840759 0.14781497418880463 0.1319156438112259 train 35.0 0.3959225790202618 0.1805788939446211 0.18294898569583892 1.4954659491195343e-05
    35.0    
0.45260515809059143 0.1609777957201004 0.1397586315870285 train 36.0 0.3952251094579697 0.17992749266326427 0.18218495570123194 6.796424258936895e-06
    36.0    
0.4584883451461792 0.16737814247608185 0.14138102531433105 train 37.0 0.39433809340000153 0.17967332266271113 0.18200467310845853 1.1438848559919279e-05
    37.0    
0.46069273352622986 0.17278659343719482 0.146177738904953 train 38.0 0.3983863197267056 0.1816302329301834 0.183956561088562 6.173981546453433e-06
    38.0    
0.45269110798835754 0.1642603576183319 0.14319594204425812 train 39.0 0.39482928946614265 0.1799247980862856 0.18211443893611431 5.4709344112779945e-06
    39.0    
0.45128580927848816 0.14814642071723938 0.14020024240016937 train 40.0 0.3980313383042812 0.18197321064770222 0.18414611592888833 4.358868864073884e-06
    40.0    
0.4561226963996887 0.1528128981590271 0.1327793300151825 train 41.0 0.39529969424009326 0.18052443966269494 0.18285831339657307 1.2530429557955358e-05
    41.0    
0.46024951338768005 0.1628127247095108 0.1369468867778778 train 42.0 0.39468009874224663 0.18019504889845847 0.18252888396382333 4.571647423290415e-06
    42.0    
0.45643648505210876 0.16255436837673187 0.1376771777868271 train 43.0 0.39625042364001273 0.18086510084569454 0.1832467580586672 2.8401846066117287e-06
    43.0    
0.4537595510482788 0.1502019315958023 0.12741056084632874 train 44.0 0.39349358350038527 0.1801747725903988 0.18267623454332352 4.295777671359247e-06
    44.0    
0.4610455334186554 0.15837231278419495 0.14187295734882355 train 45.0 0.39576826989650726 0.180687193647027 0.1829728453606367 4.895161055173958e-06
    45.0    
0.4549260139465332 0.1712314784526825 0.15345348417758942 train 46.0 0.39459664359688756 0.18025514900684356 0.18277644403278828 4.869871190749109e-06
    46.0    
0.4617398679256439 0.17047137022018433 0.150496706366539 train 47.0 0.39171133682131765 0.1792947022616863 0.1818139337748289 5.371148290578276e-06
    47.0    
0.4579243063926697 0.16892488300800323 0.14328476786613464 train 48.0 0.3938917125761509 0.17999805457890033 0.18223401591181754 4.42280588686117e-06
    48.0    
0.45611944794654846 0.16919554769992828 0.13899673521518707 train 49.0 0.39476706460118294 0.1806295307725668 0.18306925281882286 3.904938239429612e-06
    49.0    
0.44732922315597534 0.16397956013679504 0.14347121119499207 train 50.0 0.3966871589422226 0.1814078127592802 0.1838012247532606 5.247238732408732e-06
    50.0    
0.45717424154281616 0.16441085934638977 0.14755883812904358 train 51.0 0.39313592538237574 0.17999380506575108 0.18267529726028442 2.490628730811295e-06
    51.0    
0.4557528495788574 0.1619618535041809 0.1417413353919983 train 52.0 0.39238183572888374 0.17996977493166924 0.18252191938459872 4.799902399099665e-06
    52.0    
0.4547532796859741 0.16287952661514282 0.14473123848438263 train 53.0 0.39786442965269087 0.18159339800477028 0.18392053186893464 5.1748334044532385e-06
    53.0    
0.4617827832698822 0.16316074132919312 0.13948658108711243 train 54.0 0.39234455183148387 0.17933478258550167 0.18164692170917987 5.974397481622873e-06
    54.0    
