Corr-Diag Corr-Full Corr-Swap Data Epoch Loss MMD-Full MMD-Swap Mean
0.4094909429550171 0.36047160625457764 0.2991919219493866 train 0.0 0.6300530087947845 0.24743507981300353 0.2208163896948099 7.230591290863231e-05
    0.0    
0.4107626676559448 0.3099784553050995 0.2843940258026123 train 1.0 0.3985853584110737 0.18727495908737182 0.18778431750833988 6.442095036618412e-05
    1.0    
0.4350295960903168 0.2546085715293884 0.2391393482685089 train 2.0 0.3872602541744709 0.1856411460787058 0.18714402593672275 3.233319876017049e-05
    2.0    
0.43295398354530334 0.24912932515144348 0.24075396358966827 train 3.0 0.3852994069457054 0.18604859411716462 0.187766195833683 2.6911540771834552e-05
    3.0    
0.4376429319381714 0.22155602276325226 0.22939546406269073 train 4.0 0.38063775658607485 0.1845436264574528 0.18612851664423943 1.4960574844735675e-05
    4.0    
0.44714853167533875 0.22058402001857758 0.22381208837032318 train 5.0 0.3792324087023735 0.1841622395813465 0.1859959387779236 2.340367791475728e-05
    5.0    
0.4521056115627289 0.2105509340763092 0.21500375866889954 train 6.0 0.37889985367655754 0.18433982335031032 0.18601242274045945 1.67540529218968e-05
    6.0    
0.4411675035953522 0.19016659259796143 0.20802532136440277 train 7.0 0.3751815576851368 0.1826649985462427 0.18450258985161783 1.327557947661262e-05
    7.0    
0.44582390785217285 0.20027416944503784 0.20959317684173584 train 8.0 0.37388065591454506 0.18203545294702053 0.18427920803427697 9.660659998189658e-06
    8.0    
0.44946229457855225 0.17166262865066528 0.20414823293685913 train 9.0 0.378382171690464 0.184628029987216 0.18621581822633743 1.379640252707759e-05
    9.0    
0.44867777824401855 0.18915699422359467 0.209105983376503 train 10.0 0.37274064511060717 0.18176150366663932 0.1838308195769787 1.7687272702460177e-05
    10.0    
0.44967028498649597 0.18770255148410797 0.2062944918870926 train 11.0 0.37377807691693304 0.18236680835485458 0.1844521875679493 1.4660472515970469e-05
    11.0    
0.4492558538913727 0.1812169998884201 0.19454500079154968 train 12.0 0.37554113775491715 0.18325936041772364 0.18523661814630032 1.1506259397719987e-05
    12.0    
0.4488251507282257 0.1727711260318756 0.2052120566368103 train 13.0 0.3712566983699799 0.1811670548468828 0.18325180508196354 2.0533412680379115e-05
    13.0    
0.4468964636325836 0.17797578871250153 0.18418288230895996 train 14.0 0.3712356400489807 0.18117231369018555 0.18340994566679 7.688864570809528e-06
    14.0    
